Rk,Player,WS,Season,Age,Team,G,GS,AS,MP,FG,FGA,2P,2PA,3P,3PA,FT,FTA,ORB,DRB,TRB,AST,STL,BLK,TOV,PF,PTS,FG%,2P%,3P%,FT%,TS%,eFG%,Pos,Player-additional
1,Kareem Abdul-Jabbar,25.4,1971-72,24,MIL,81,,1,3583,1159,2019,1159,2019,,,504,732,,,1346,370,,,,235,2822,.574,.574,,.689,.603,.574,C,abdulka01
2,Wilt Chamberlain,25.0,1963-64,27,SFW,80,,1,3689,1204,2298,1204,2298,,,540,1016,,,1787,403,,,,182,2948,.524,.524,,.531,.537,.524,C,chambwi01
3,George Mikan,23.4,1950-51,26,MNL,68,,1,,678,1584,678,1584,,,576,717,,,958,208,,,,308,1932,.428,.428,,.803,.509,.428,C,mikange01
4,Wilt Chamberlain,23.1,1961-62,25,PHW,80,,1,3882,1597,3159,1597,3159,,,835,1363,,,2052,192,,,,123,4029,.506,.506,,.613,.536,.506,C,chambwi01
5,Kareem Abdul-Jabbar,22.3,1970-71,23,MIL,82,,1,3288,1063,1843,1063,1843,,,470,681,,,1311,272,,,,264,2596,.577,.577,,.690,.606,.577,C,abdulka01
6,Wilt Chamberlain,21.9,1966-67,30,PHI,81,,1,3682,785,1150,785,1150,,,386,875,,,1957,630,,,,143,1956,.683,.683,,.441,.637,.683,C,chambwi01
7,Kareem Abdul-Jabbar,21.9,1972-73,25,MIL,76,,1,3254,982,1772,982,1772,,,328,460,,,1224,379,,,,208,2292,.554,.554,,.713,.580,.554,C,abdulka01
8,Wilt Chamberlain,21.4,1965-66,29,PHI,79,,1,3737,1074,1990,1074,1990,,,501,976,,,1943,414,,,,171,2649,.540,.540,,.513,.547,.540,C,chambwi01
9,Michael Jordan,21.2,1987-88,24,CHI,82,82,1,3311,1069,1998,1062,1945,7,53,723,860,139,310,449,485,259,131,252,270,2868,.535,.546,.132,.841,.603,.537,G-F,jordami01
10,George Mikan,21.1,1949-50,25,MNL,68,,,,649,1595,649,1595,,,567,728,,,,197,,,,297,1865,.407,.407,,.779,.487,.407,C,mikange01
11,Wilt Chamberlain,20.9,1962-63,26,SFW,80,,1,3806,1463,2770,1463,2770,,,660,1113,,,1946,275,,,,136,3586,.528,.528,,.593,.550,.528,C,chambwi01
12,George Mikan,20.9,1948-49,24,MNL,60,,,,583,1403,583,1403,,,532,689,,,,218,,,,260,1698,.416,.416,,.772,.498,.416,C,mikange01
13,Oscar Robertson,20.6,1963-64,25,CIN,79,,1,3559,840,1740,840,1740,,,800,938,,,783,868,,,,280,2480,.483,.483,,.853,.576,.483,G-F,roberos01
14,Michael Jordan,20.4,1995-96,32,CHI,82,82,1,3090,916,1850,805,1590,111,260,548,657,148,395,543,352,180,42,197,195,2491,.495,.506,.427,.834,.582,.525,G-F,jordami01
15,Wilt Chamberlain,20.4,1967-68,31,PHI,82,,1,3836,819,1377,819,1377,,,354,932,,,1952,702,,,,160,1992,.595,.595,,.380,.557,.595,C,chambwi01
16,Michael Jordan,20.3,1990-91,27,CHI,82,82,1,3034,990,1837,961,1744,29,93,571,671,118,374,492,453,223,83,202,229,2580,.539,.551,.312,.851,.605,.547,G-F,jordami01
17,LeBron James,20.3,2008-09,24,CLE,81,81,1,3054,789,1613,657,1229,132,384,594,762,106,507,613,587,137,93,241,139,2304,.489,.535,.344,.780,.591,.530,F-G,jamesle01
18,David Robinson,20.0,1993-94,28,SAS,80,80,1,3241,840,1658,830,1629,10,29,693,925,241,614,855,381,139,265,253,228,2383,.507,.510,.345,.749,.577,.510,C,robinda01
19,Michael Jordan,19.8,1988-89,25,CHI,81,81,1,3255,966,1795,939,1697,27,98,674,793,149,503,652,650,234,65,290,247,2633,.538,.553,.276,.850,.614,.546,G-F,jordami01
20,LeBron James,19.3,2012-13,28,MIA,76,76,1,2877,765,1354,662,1100,103,254,403,535,97,513,610,551,129,67,226,110,2036,.565,.602,.406,.753,.640,.603,F-G,jamesle01
21,Kevin Durant,19.2,2013-14,25,OKC,81,81,1,3122,849,1688,657,1197,192,491,703,805,58,540,598,445,103,59,285,174,2593,.503,.549,.391,.873,.635,.560,F-G,duranke01
22,Michael Jordan,19.0,1989-90,26,CHI,82,82,1,3197,1034,1964,942,1719,92,245,593,699,143,422,565,519,227,54,247,241,2753,.526,.548,.376,.848,.606,.550,G-F,jordami01
23,Kevin Durant,18.9,2012-13,24,OKC,81,81,1,3119,731,1433,592,1099,139,334,679,750,46,594,640,374,116,105,280,143,2280,.510,.539,.416,.905,.647,.559,F-G,duranke01
24,Wilt Chamberlain,18.8,1960-61,24,PHW,79,,1,3773,1251,2457,1251,2457,,,531,1054,,,2149,148,,,,130,3033,.509,.509,,.504,.519,.509,C,chambwi01
25,Shaquille O'Neal,18.6,1999-00,27,LAL,79,79,1,3163,956,1665,956,1664,0,1,432,824,336,742,1078,299,36,239,223,255,2344,.574,.575,.000,.524,.578,.574,C,onealsh01
26,Bob Feerick,18.6,1946-47,27,WSC,55,,,,364,908,364,908,,,198,260,,,,69,,,,142,926,.401,.401,,.762,.453,.401,F-G,feeribo01
27,LeBron James,18.5,2009-10,25,CLE,76,76,1,2966,768,1528,639,1141,129,387,593,773,71,483,554,651,125,77,261,119,2258,.503,.560,.333,.767,.604,.545,F-G,jamesle01
28,Kareem Abdul-Jabbar,18.4,1973-74,26,MIL,81,,1,3548,948,1759,948,1759,,,295,420,287,891,1178,386,112,283,,238,2191,.539,.539,,.702,.564,.539,C,abdulka01
29,Kevin Garnett,18.3,2003-04,27,MIN,82,82,1,3231,804,1611,793,1568,11,43,368,465,245,894,1139,409,120,178,212,202,1987,.499,.506,.256,.791,.547,.502,F-C,garneke01
30,Michael Jordan,18.3,1996-97,33,CHI,82,82,1,3106,920,1892,809,1595,111,297,480,576,113,369,482,352,140,44,166,156,2431,.486,.507,.374,.833,.567,.516,G-F,jordami01
31,Neil Johnston,18.3,1953-54,24,PHW,72,,1,3296,591,1317,591,1317,,,577,772,,,797,203,,,,259,1759,.449,.449,,.747,.531,.449,C,johnsne01
32,Chris Paul,18.3,2008-09,23,NOH,78,78,1,3002,631,1255,567,1079,64,176,455,524,69,363,432,861,216,10,231,212,1781,.503,.525,.364,.868,.599,.528,G,paulch01
33,David Robinson,18.3,1995-96,30,SAS,82,82,1,3019,711,1378,708,1369,3,9,626,823,319,681,1000,247,111,271,190,262,2051,.516,.517,.333,.761,.589,.517,C,robinda01
34,Wilt Chamberlain,18.2,1972-73,36,LAL,82,,1,3542,426,586,426,586,,,232,455,,,1526,365,,,,191,1084,.727,.727,,.510,.689,.727,C,chambwi01
35,Alex Groza,18.0,1950-51,24,INO,66,,1,,492,1046,492,1046,,,445,566,,,709,156,,,,237,1429,.470,.470,,.786,.552,.470,C,grozaal01
36,Alex Groza,17.9,1949-50,23,INO,64,,,,521,1090,521,1090,,,454,623,,,,162,,,,221,1496,.478,.478,,.729,.548,.478,C,grozaal01
37,Stephen Curry,17.9,2015-16,27,GSW,79,79,1,2700,805,1598,403,712,402,886,363,400,68,362,430,527,169,15,262,161,2375,.504,.566,.454,.908,.669,.630,G,curryst01
38,Tim Duncan,17.8,2001-02,25,SAS,82,82,1,3329,764,1504,763,1494,1,10,560,701,268,774,1042,307,61,203,263,217,2089,.508,.511,.100,.799,.576,.508,F-C,duncati01
39,Bob McAdoo,17.8,1974-75,23,BUF,82,,1,3539,1095,2138,1095,2138,,,641,796,307,848,1155,179,92,174,,278,2831,.512,.512,,.805,.569,.512,C-F,mcadobo01
40,Kareem Abdul-Jabbar,17.8,1976-77,29,LAL,82,82,1,3016,888,1533,888,1533,,,376,536,266,824,1090,319,101,261,,262,2152,.579,.579,,.701,.608,.579,C,abdulka01
41,Chris Paul,17.8,2007-08,22,NOH,80,80,1,3006,630,1291,538,1042,92,249,332,390,62,259,321,925,217,4,201,185,1684,.488,.516,.369,.851,.576,.524,G,paulch01
42,Michael Jordan,17.7,1991-92,28,CHI,80,80,1,3102,943,1818,916,1718,27,100,491,590,91,420,511,489,182,75,200,201,2404,.519,.533,.270,.832,.579,.526,G-F,jordami01
43,Dirk Nowitzki,17.7,2005-06,27,DAL,81,81,1,3089,751,1564,641,1293,110,271,539,598,115,613,728,226,58,83,156,164,2151,.480,.496,.406,.901,.589,.515,F-C,nowitdi01
44,David Robinson,17.5,1994-95,29,SAS,81,81,1,3074,788,1487,782,1467,6,20,656,847,234,643,877,236,134,262,233,230,2238,.530,.533,.300,.774,.602,.532,C,robinda01
45,Oscar Robertson,17.4,1966-67,28,CIN,79,,1,3468,838,1699,838,1699,,,736,843,,,486,845,,,,226,2412,.493,.493,,.873,.583,.493,G-F,roberos01
46,Charles Barkley,17.3,1989-90,26,PHI,79,79,1,3085,706,1177,686,1085,20,92,557,744,361,548,909,307,148,50,243,250,1989,.600,.632,.217,.749,.661,.608,F,barklch01
47,Bill Russell,17.3,1963-64,29,BOS,78,,1,3482,466,1077,466,1077,,,236,429,,,1930,370,,,,190,1168,.433,.433,,.550,.461,.433,C,russebi01
48,Michael Jordan,17.2,1992-93,29,CHI,78,78,1,3067,992,2003,911,1773,81,230,476,569,135,387,522,428,221,61,207,188,2541,.495,.514,.352,.837,.564,.515,G-F,jordami01
49,Jerry West,17.1,1965-66,27,LAL,79,,1,3218,818,1731,818,1731,,,840,977,,,562,480,,,,243,2476,.473,.473,,.860,.573,.473,G,westje01
50,Nikola Jokić,17.0,2023-24,28,DEN,79,79,1,2737,822,1411,739,1180,83,231,358,438,223,753,976,708,108,68,237,194,2085,.583,.626,.359,.817,.650,.612,C-F,jokicni01
51,David Robinson,17.0,1990-91,25,SAS,82,81,1,3095,754,1366,753,1359,1,7,592,777,335,728,1063,208,127,320,270,264,2101,.552,.554,.143,.762,.615,.552,C,robinda01
52,Kareem Abdul-Jabbar,17.0,1975-76,28,LAL,82,82,1,3379,914,1728,914,1728,,,447,636,272,1111,1383,413,119,338,,292,2275,.529,.529,,.703,.567,.529,C,abdulka01
53,Wilt Chamberlain,17.0,1959-60,23,PHW,72,,1,3338,1065,2311,1065,2311,,,577,991,,,1941,168,,,,150,2707,.461,.461,,.582,.493,.461,C,chambwi01
54,Oscar Robertson,17.0,1964-65,26,CIN,75,,1,3421,807,1681,807,1681,,,665,793,,,674,861,,,,205,2279,.480,.480,,.839,.561,.480,G-F,roberos01
55,Shaquille O'Neal,16.9,1993-94,21,ORL,81,81,1,3224,953,1591,953,1589,0,2,471,850,384,688,1072,195,76,231,222,281,2377,.599,.600,.000,.554,.605,.599,C,onealsh01
56,Michael Jordan,16.9,1986-87,23,CHI,82,82,1,3281,1098,2279,1086,2213,12,66,833,972,166,264,430,377,236,125,272,237,3041,.482,.491,.182,.857,.562,.484,G-F,jordami01
57,Oscar Robertson,16.9,1965-66,27,CIN,76,,1,3493,818,1723,818,1723,,,742,881,,,586,847,,,,227,2378,.475,.475,,.842,.563,.475,G-F,roberos01
58,Bill Russell,16.9,1964-65,30,BOS,78,,1,3466,429,980,429,980,,,244,426,,,1878,410,,,,204,1102,.438,.438,,.573,.472,.438,C,russebi01
59,Oscar Robertson,16.8,1962-63,24,CIN,80,,1,3521,825,1593,825,1593,,,614,758,,,835,758,,,,293,2264,.518,.518,,.810,.588,.518,G-F,roberos01
60,Shai Gilgeous-Alexander,16.7,2024-25,26,OKC,76,76,1,2598,860,1656,697,1221,163,435,601,669,67,312,379,486,131,77,183,164,2484,.519,.571,.375,.898,.637,.569,G,gilgesh01
61,Charles Barkley,16.7,1987-88,24,PHI,80,80,1,3170,753,1283,709,1126,44,157,714,951,385,566,951,254,100,103,304,278,2264,.587,.630,.280,.751,.665,.604,F,barklch01
62,Karl Malone,16.7,1996-97,33,UTA,82,82,1,2998,864,1571,864,1558,0,13,521,690,193,616,809,368,113,48,233,217,2249,.550,.555,.000,.755,.600,.550,F,malonka01
63,Jerry West,16.7,1964-65,26,LAL,74,,1,3066,822,1655,822,1655,,,648,789,,,447,364,,,,221,2292,.497,.497,,.821,.572,.497,G,westje01
64,Magic Johnson,16.5,1989-90,30,LAL,79,79,1,2937,546,1138,440,862,106,276,567,637,128,394,522,907,132,34,289,167,1765,.480,.510,.384,.890,.622,.526,G-F,johnsma02
65,Tim Duncan,16.5,2002-03,26,SAS,81,81,1,3181,714,1392,708,1370,6,22,450,634,259,784,1043,316,55,237,248,231,1884,.513,.517,.273,.710,.564,.515,F-C,duncati01
66,Nikola Jokić,16.4,2024-25,29,DEN,70,70,1,2571,786,1364,648,1033,138,331,361,451,200,692,892,716,127,45,230,160,2071,.576,.627,.417,.800,.663,.627,C-F,jokicni01
67,James Harden,16.4,2014-15,25,HOU,81,81,1,2981,647,1470,439,915,208,555,715,824,75,384,459,565,154,60,321,208,2217,.440,.480,.375,.868,.605,.511,G,hardeja01
68,Karl Malone,16.4,1997-98,34,UTA,81,81,1,3030,780,1472,778,1466,2,6,628,825,189,645,834,316,96,70,247,237,2190,.530,.531,.333,.761,.597,.531,F,malonka01
69,Dirk Nowitzki,16.3,2006-07,28,DAL,78,78,1,2820,673,1341,601,1168,72,173,498,551,122,571,693,263,52,62,167,171,1916,.502,.515,.416,.904,.605,.529,F-C,nowitdi01
70,Joe Fulks,16.3,1946-47,25,PHW,60,,,,475,1557,475,1557,,,439,601,,,,25,,,,199,1389,.305,.305,,.730,.381,.305,F-C,fulksjo01
71,LeBron James,16.3,2005-06,21,CLE,79,79,1,3361,875,1823,748,1444,127,379,601,814,75,481,556,521,123,66,260,181,2478,.480,.518,.335,.738,.568,.515,F-G,jamesle01
72,Walt Bellamy,16.3,1961-62,22,CHP,79,,1,3344,973,1875,973,1875,,,549,853,,,1500,210,,,,281,2495,.519,.519,,.644,.554,.519,C,bellawa01
73,Dirk Nowitzki,16.1,2002-03,24,DAL,80,80,1,3117,690,1489,542,1099,148,390,483,548,81,710,791,239,111,82,152,206,2011,.463,.493,.379,.881,.581,.513,F-C,nowitdi01
74,Tracy McGrady,16.1,2002-03,23,ORL,75,74,1,2954,829,1813,656,1365,173,448,576,726,121,367,488,411,124,59,195,156,2407,.457,.481,.386,.793,.564,.505,G-F,mcgratr01
75,Kevin Garnett,16.1,2004-05,28,MIN,82,82,1,3121,683,1360,677,1335,6,25,445,549,247,861,1108,466,121,112,222,207,1817,.502,.507,.240,.811,.567,.504,F-C,garneke01
76,Kevin Durant,16.1,2009-10,21,OKC,82,82,1,3239,794,1668,666,1317,128,351,756,840,105,518,623,231,112,84,271,171,2472,.476,.506,.365,.900,.607,.514,F-G,duranke01
77,Chris Paul,16.1,2014-15,29,LAC,82,82,1,2857,568,1170,429,821,139,349,289,321,52,324,376,838,156,15,190,203,1564,.485,.523,.398,.900,.596,.545,G,paulch01
78,Charles Barkley,16.1,1988-89,25,PHI,79,79,1,3088,700,1208,665,1046,35,162,602,799,403,583,986,325,126,67,254,262,2037,.579,.636,.216,.753,.653,.594,F,barklch01
79,Magic Johnson,16.1,1988-89,29,LAL,77,77,1,2886,579,1137,520,949,59,188,513,563,111,496,607,988,138,22,312,172,1730,.509,.548,.314,.911,.625,.535,G-F,johnsma02
80,Paul Arizin,16.0,1951-52,23,PHW,66,,1,2939,548,1222,548,1222,,,578,707,,,745,170,,,,250,1674,.448,.448,,.818,.546,.448,F-G,arizipa01
81,LeBron James,15.9,2013-14,29,MIA,77,77,1,2902,767,1353,651,1047,116,306,439,585,81,452,533,488,121,26,270,126,2089,.567,.622,.379,.750,.649,.610,F-G,jamesle01
82,Karl Malone,15.9,1989-90,26,UTA,82,82,1,3122,914,1627,898,1584,16,43,696,913,232,679,911,226,121,50,304,259,2540,.562,.567,.372,.762,.626,.567,F,malonka01
83,Magic Johnson,15.9,1986-87,27,LAL,80,80,1,2904,683,1308,675,1269,8,39,535,631,122,382,504,977,138,36,300,168,1909,.522,.532,.205,.848,.602,.525,G-F,johnsma02
84,Ed Macauley,15.9,1950-51,22,BOS,68,,1,,459,985,459,985,,,466,614,,,616,252,,,,205,1384,.466,.466,,.759,.551,.466,C-F,macaued01
85,Wilt Chamberlain,15.8,1971-72,35,LAL,82,,1,3469,496,764,496,764,,,221,524,,,1572,329,,,,196,1213,.649,.649,,.422,.610,.649,C,chambwi01
86,Hakeem Olajuwon,15.8,1992-93,30,HOU,82,82,1,3242,848,1603,848,1595,0,8,444,570,283,785,1068,291,150,342,262,305,2140,.529,.532,.000,.779,.577,.529,C,olajuha01
87,Larry Bird,15.8,1985-86,29,BOS,82,81,1,3113,796,1606,714,1412,82,194,441,492,190,615,805,557,166,51,266,182,2115,.496,.506,.423,.896,.580,.521,F,birdla01
88,Michael Jordan,15.8,1997-98,34,CHI,82,82,1,3181,881,1893,851,1767,30,126,565,721,130,345,475,283,141,45,185,151,2357,.465,.482,.238,.784,.533,.473,G-F,jordami01
89,Stephen Curry,15.7,2014-15,26,GSW,80,80,1,2613,653,1341,367,695,286,646,308,337,56,285,341,619,163,16,249,158,1900,.487,.528,.443,.914,.638,.594,G,curryst01
90,Larry Bird,15.7,1984-85,28,BOS,80,77,1,3161,918,1760,862,1629,56,131,403,457,164,678,842,531,129,98,248,208,2295,.522,.529,.427,.882,.585,.538,F,birdla01
91,Nikola Jokić,15.6,2020-21,25,DEN,72,72,1,2488,732,1293,640,1056,92,237,342,394,205,575,780,599,95,48,222,192,1898,.566,.606,.388,.868,.647,.602,C-F,jokicni01
92,Walt Frazier,15.6,1970-71,25,NYK,80,,1,3455,651,1317,651,1317,,,434,557,,,544,536,,,,240,1736,.494,.494,,.779,.556,.494,G,fraziwa01
93,Oscar Robertson,15.6,1961-62,23,CIN,79,,1,3503,866,1810,866,1810,,,700,872,,,985,899,,,,258,2432,.478,.478,,.803,.554,.478,G-F,roberos01
94,John Stockton,15.6,1988-89,26,UTA,82,82,1,3171,497,923,481,857,16,66,390,452,83,165,248,1118,263,14,308,241,1400,.538,.561,.242,.863,.624,.547,G,stockjo01
95,Kevin Garnett,15.6,2002-03,26,MIN,82,82,1,3321,743,1481,723,1410,20,71,377,502,244,858,1102,495,113,129,229,199,1883,.502,.513,.282,.751,.553,.508,F-C,garneke01
96,Dirk Nowitzki,15.6,2004-05,26,DAL,78,78,1,3020,663,1445,572,1217,91,228,615,708,96,661,757,240,97,119,176,219,2032,.459,.470,.399,.869,.578,.490,F-C,nowitdi01
97,LeBron James,15.6,2010-11,26,MIA,79,79,1,3063,758,1485,666,1206,92,279,503,663,80,510,590,554,124,50,284,163,2111,.510,.552,.330,.759,.594,.541,F-G,jamesle01
98,Chauncey Billups,15.5,2005-06,29,DET,81,81,1,2925,423,1012,239,587,184,425,465,520,41,211,252,699,71,8,170,160,1495,.418,.407,.433,.894,.602,.509,G,billuch01
99,Bill Russell,15.5,1961-62,27,BOS,76,,1,3433,575,1258,575,1258,,,286,481,,,1790,341,,,,207,1436,.457,.457,,.595,.489,.457,C,russebi01
100,Karl Malone,15.5,1990-91,27,UTA,82,82,1,3302,847,1608,843,1594,4,14,684,888,236,731,967,270,89,79,244,268,2382,.527,.529,.286,.770,.596,.528,F,malonka01
101,Moses Malone,15.4,1981-82,26,HOU,81,81,1,3398,945,1822,945,1816,0,6,630,827,558,630,1188,142,76,125,294,208,2520,.519,.520,.000,.762,.576,.519,C-F,malonmo01
102,Neil Johnston,15.4,1954-55,25,PHW,72,,1,2917,521,1184,521,1184,,,589,769,,,1085,215,,,,255,1631,.440,.440,,.766,.536,.440,C,johnsne01
103,Karl Malone,15.4,1992-93,29,UTA,82,82,1,3099,797,1443,793,1423,4,20,619,836,227,692,919,308,124,85,240,261,2217,.552,.557,.200,.740,.612,.554,F,malonka01
104,Magic Johnson,15.4,1990-91,31,LAL,79,79,1,2933,466,976,386,726,80,250,519,573,105,446,551,989,102,17,314,150,1531,.477,.532,.320,.906,.623,.518,G-F,johnsma02
105,James Harden,15.4,2017-18,28,HOU,72,72,1,2551,651,1449,386,727,265,722,624,727,41,348,389,630,126,50,315,169,2191,.449,.531,.367,.858,.619,.541,G,hardeja01
106,Neil Johnston,15.3,1952-53,23,PHW,70,,1,3166,504,1114,504,1114,,,556,794,,,976,197,,,,248,1564,.452,.452,,.700,.534,.452,C,johnsne01
107,Bob McAdoo,15.3,1973-74,22,BUF,74,,1,3185,901,1647,901,1647,,,459,579,281,836,1117,170,88,246,,252,2261,.547,.547,,.793,.594,.547,C-F,mcadobo01
108,Kobe Bryant,15.3,2005-06,27,LAL,80,80,1,3277,978,2173,798,1655,180,518,696,819,71,354,425,360,147,30,250,233,2832,.450,.482,.347,.850,.559,.491,G-F,bryanko01
109,Karl Malone,15.3,1999-00,36,UTA,82,82,1,2947,752,1476,750,1468,2,8,589,739,169,610,779,304,79,71,231,229,2095,.509,.511,.250,.797,.582,.510,F,malonka01
110,Nikola Jokić,15.2,2021-22,26,DEN,74,74,1,2476,764,1311,667,1023,97,288,379,468,206,813,1019,584,109,63,281,191,2004,.583,.652,.337,.810,.661,.620,C-F,jokicni01
111,Larry Bird,15.2,1986-87,30,BOS,74,73,1,3005,786,1497,696,1272,90,225,414,455,124,558,682,566,135,70,240,185,2076,.525,.547,.400,.910,.612,.555,F,birdla01
112,LeBron James,15.2,2007-08,23,CLE,75,74,1,3027,794,1642,681,1283,113,359,549,771,133,459,592,539,138,81,255,165,2250,.484,.531,.315,.712,.568,.518,F-G,jamesle01
113,James Harden,15.2,2018-19,29,HOU,78,78,1,2867,843,1909,465,881,378,1028,754,858,66,452,518,586,158,58,387,244,2818,.442,.528,.368,.879,.616,.541,G,hardeja01
114,Karl Malone,15.2,1988-89,25,UTA,80,80,1,3126,809,1559,804,1543,5,16,703,918,259,594,853,219,144,70,285,286,2326,.519,.521,.313,.766,.592,.521,F,malonka01
115,Jerry West,15.2,1969-70,31,LAL,74,,1,3106,831,1673,831,1673,,,647,785,,,338,554,,,,160,2309,.497,.497,,.824,.572,.497,G,westje01
116,Karl Malone,15.1,1995-96,32,UTA,82,82,1,3113,789,1520,773,1480,16,40,512,708,175,629,804,345,138,56,199,245,2106,.519,.522,.400,.723,.575,.524,F,malonka01
117,Moses Malone,15.1,1982-83,27,PHI,78,78,1,2922,654,1305,654,1304,0,1,600,788,445,749,1194,101,89,157,264,206,1908,.501,.502,.000,.761,.578,.501,C-F,malonmo01
118,Wilt Chamberlain,15.1,1964-65,28,PHISFW,73,,1,3301,1063,2083,1063,2083,,,408,880,,,1673,250,,,,146,2534,.510,.510,,.464,.513,.510,C,chambwi01
119,Karl Malone,15.1,1991-92,28,UTA,81,81,1,3054,798,1516,795,1499,3,17,673,865,225,684,909,241,108,51,248,226,2272,.526,.530,.176,.778,.599,.527,F,malonka01
120,David Robinson,15.1,1989-90,24,SAS,82,81,1,3002,690,1300,690,1298,0,2,613,837,303,680,983,164,138,319,257,259,1993,.531,.532,.000,.732,.597,.531,C,robinda01
121,James Harden,15.0,2016-17,27,HOU,81,81,1,2947,674,1533,412,777,262,756,746,881,95,564,659,907,121,38,464,215,2356,.440,.530,.347,.847,.613,.525,G,hardeja01
122,Larry Bird,15.0,1987-88,31,BOS,76,75,1,2965,881,1672,783,1435,98,237,415,453,108,595,703,467,125,57,213,157,2275,.527,.546,.414,.916,.608,.556,F,birdla01
123,Walt Frazier,15.0,1969-70,24,NYK,77,,1,3040,600,1158,600,1158,,,409,547,,,465,629,,,,203,1609,.518,.518,,.748,.575,.518,G,fraziwa01
124,Shaquille O'Neal,14.9,2000-01,28,LAL,74,74,1,2924,813,1422,813,1420,0,2,499,972,291,649,940,277,47,204,218,256,2125,.572,.573,.000,.513,.574,.572,C,onealsh01
125,Nikola Jokić,14.9,2022-23,27,DEN,69,69,1,2323,646,1022,589,873,57,149,341,415,167,650,817,678,87,47,247,174,1690,.632,.675,.383,.822,.701,.660,C-F,jokicni01
126,Bob Pettit,14.9,1960-61,28,STL,76,,1,3027,769,1720,769,1720,,,582,804,,,1540,262,,,,217,2120,.447,.447,,.724,.511,.447,F-C,pettibo01
127,Kobe Bryant,14.9,2002-03,24,LAL,82,82,1,3401,868,1924,744,1600,124,324,601,713,106,458,564,481,181,67,288,218,2461,.451,.465,.383,.843,.550,.483,G-F,bryanko01
128,Kevin Garnett,14.9,2005-06,29,MIN,76,76,1,2957,626,1191,618,1161,8,30,396,489,214,752,966,308,104,107,180,206,1656,.526,.532,.267,.810,.589,.529,F-C,garneke01
129,Bob Pettit,14.9,1963-64,31,STL,80,,1,3296,791,1708,791,1708,,,608,771,,,1224,259,,,,300,2190,.463,.463,,.789,.535,.463,F-C,pettibo01
130,Kareem Abdul-Jabbar,14.8,1979-80,32,LAL,82,,1,3143,835,1383,835,1382,0,1,364,476,190,696,886,371,81,280,297,216,2034,.604,.604,.000,.765,.639,.604,C,abdulka01
131,Kevin McHale,14.8,1986-87,29,BOS,77,77,1,3060,790,1307,790,1303,0,4,428,512,247,516,763,198,38,172,197,240,2008,.604,.606,.000,.836,.655,.604,F-C,mchalke01
132,Elton Brand,14.8,2005-06,26,LAC,79,79,1,3099,756,1435,755,1432,1,3,440,568,236,554,790,208,81,201,173,227,1953,.527,.527,.333,.775,.580,.527,F-C,brandel01
133,Elgin Baylor,14.8,1960-61,26,LAL,73,,1,3133,931,2166,931,2166,,,676,863,,,1447,371,,,,279,2538,.430,.430,,.783,.498,.430,F,bayloel01
134,Dolph Schayes,14.8,1953-54,25,SYR,72,,1,2655,370,973,370,973,,,488,590,,,870,214,,,,232,1228,.380,.380,,.827,.498,.380,F-C,schaydo01
135,Bob Pettit,14.8,1958-59,26,STL,72,,1,2873,719,1640,719,1640,,,667,879,,,1182,221,,,,200,2105,.438,.438,,.759,.519,.438,F-C,pettibo01
136,Dwyane Wade,14.7,2008-09,27,MIA,79,79,1,3048,854,1739,766,1461,88,278,590,771,89,309,398,589,173,106,272,178,2386,.491,.524,.317,.765,.574,.516,G,wadedw01
137,Pau Gasol,14.7,2010-11,30,LAL,82,82,1,3037,593,1120,592,1117,1,3,354,430,268,568,836,273,48,130,142,203,1541,.529,.530,.333,.823,.589,.530,C-F,gasolpa01
138,Willis Reed,14.7,1968-69,26,NYK,82,,1,3108,704,1351,704,1351,,,325,435,,,1191,190,,,,314,1733,.521,.521,,.747,.562,.521,C-F,reedwi01
139,Wilt Chamberlain,14.7,1968-69,32,LAL,81,,1,3669,641,1099,641,1099,,,382,857,,,1712,366,,,,142,1664,.583,.583,,.446,.564,.583,C,chambwi01
140,Shai Gilgeous-Alexander,14.6,2023-24,25,OKC,75,75,1,2553,796,1487,701,1218,95,269,567,649,65,350,415,465,150,67,162,184,2254,.535,.576,.353,.874,.636,.567,G,gilgesh01
141,Willis Reed,14.6,1969-70,27,NYK,81,,1,3089,702,1385,702,1385,,,351,464,,,1126,161,,,,287,1755,.507,.507,,.756,.552,.507,C-F,reedwi01
142,Grant Hill,14.6,1996-97,24,DET,80,80,1,3147,625,1259,615,1226,10,33,450,633,123,598,721,583,144,48,259,186,1710,.496,.502,.303,.711,.556,.500,F-G,hillgr01
143,Ed Macauley,14.6,1953-54,25,BOS,71,,1,2792,462,950,462,950,,,420,554,,,571,271,,,,168,1344,.486,.486,,.758,.563,.486,C-F,macaued01
144,Adrian Dantley,14.6,1983-84,28,UTA,79,79,1,2984,802,1438,801,1434,1,4,813,946,179,269,448,310,61,4,263,201,2418,.558,.559,.250,.859,.652,.558,F-G,dantlad01
145,Amar'e Stoudemire,14.6,2007-08,25,PHO,79,79,1,2677,714,1211,709,1180,5,31,556,691,178,541,719,118,64,163,174,294,1989,.590,.601,.161,.805,.656,.592,F-C,stoudam01
146,Amar'e Stoudemire,14.6,2004-05,22,PHO,80,80,1,2889,747,1336,744,1320,3,16,583,795,219,494,713,131,77,130,189,278,2080,.559,.564,.188,.733,.617,.560,F-C,stoudam01
147,Dirk Nowitzki,14.6,2000-01,22,DAL,82,82,0,3125,591,1247,440,857,151,390,451,538,119,635,754,173,79,101,156,245,1784,.474,.513,.387,.838,.601,.534,F-C,nowitdi01
148,George Mikan,14.6,1952-53,28,MNL,70,,1,2651,500,1252,500,1252,,,442,567,,,1007,201,,,,290,1442,.399,.399,,.780,.480,.399,C,mikange01
149,Shawn Marion,14.6,2005-06,27,PHO,81,81,1,3263,716,1365,620,1075,96,290,241,298,249,710,959,143,160,137,125,223,1769,.525,.577,.331,.809,.591,.560,F,mariosh01
150,Walt Frazier,14.5,1971-72,26,NYK,77,,1,3126,669,1307,669,1307,,,450,557,,,513,446,,,,185,1788,.512,.512,,.808,.576,.512,G,fraziwa01
151,Kevin Durant,14.5,2015-16,27,OKC,72,72,1,2578,698,1381,512,900,186,481,447,498,45,544,589,361,69,85,250,137,2029,.505,.569,.387,.898,.634,.573,F-G,duranke01
152,Chet Walker,14.5,1971-72,31,CHI,78,,0,2588,619,1225,619,1225,,,481,568,,,473,178,,,,171,1719,.505,.505,,.847,.583,.505,F-G,walkech01
153,Ed Macauley,14.5,1952-53,24,BOS,69,,1,2902,451,997,451,997,,,500,667,,,629,280,,,,188,1402,.452,.452,,.750,.543,.452,C-F,macaued01
154,LeBron James,14.5,2011-12,27,MIA,62,62,1,2326,621,1169,567,1020,54,149,387,502,94,398,492,387,115,50,213,96,1683,.531,.556,.362,.771,.605,.554,F-G,jamesle01
155,John Stockton,14.4,1989-90,27,UTA,78,78,1,2915,472,918,425,805,47,113,354,432,57,149,206,1134,207,18,272,233,1345,.514,.528,.416,.819,.607,.540,G,stockjo01
156,Charles Barkley,14.4,1992-93,29,PHO,76,76,1,2859,716,1376,649,1156,67,220,445,582,237,691,928,385,119,74,233,196,1944,.520,.561,.305,.765,.596,.545,F,barklch01
157,Bob Lanier,14.4,1973-74,25,DET,81,,1,3047,748,1483,748,1483,,,326,409,269,805,1074,343,110,247,,273,1822,.504,.504,,.797,.548,.504,C,laniebo01
158,Rick Barry,14.4,1966-67,22,SFW,78,,1,3175,1011,2240,1011,2240,,,753,852,,,714,282,,,,258,2775,.451,.451,,.884,.531,.451,F,barryri01
159,Anfernee Hardaway,14.4,1995-96,24,ORL,82,82,1,3015,623,1215,534,932,89,283,445,580,129,225,354,582,166,41,229,160,1780,.513,.573,.314,.767,.605,.549,G-F,hardaan01
160,Dwight Howard,14.4,2010-11,25,ORL,78,78,1,2935,619,1044,619,1037,0,7,546,916,309,789,1098,107,107,186,279,258,1784,.593,.597,.000,.596,.616,.593,C,howardw01
161,Dwyane Wade,14.4,2005-06,24,MIA,75,75,1,2892,699,1413,686,1337,13,76,629,803,107,323,430,503,146,58,268,217,2040,.495,.513,.171,.783,.577,.499,G,wadedw01
162,Elgin Baylor,14.4,1962-63,28,LAL,80,,1,3370,1029,2273,1029,2273,,,661,790,,,1146,386,,,,226,2719,.453,.453,,.837,.519,.453,F,bayloel01
163,Kareem Abdul-Jabbar,14.4,1978-79,31,LAL,80,,1,3157,777,1347,777,1347,,,349,474,207,818,1025,431,76,316,282,230,1903,.577,.577,,.736,.612,.577,C,abdulka01
164,George Mikan,14.4,1951-52,27,MNL,64,,1,2572,545,1414,545,1414,,,433,555,,,866,194,,,,286,1523,.385,.385,,.780,.459,.385,C,mikange01
165,Rudy Gobert,14.4,2018-19,26,UTA,81,80,0,2577,476,712,476,712,0,0,332,522,309,732,1041,161,66,187,130,231,1284,.669,.669,,.636,.682,.669,C,goberru01
166,Walt Bellamy,14.4,1963-64,24,BAL,80,,1,3394,811,1582,811,1582,,,537,825,,,1361,126,,,,300,2159,.513,.513,,.651,.555,.513,C,bellawa01
167,Giannis Antetokounmpo,14.4,2018-19,24,MIL,72,72,1,2358,721,1247,669,1044,52,203,500,686,159,739,898,424,92,110,268,232,1994,.578,.641,.256,.729,.644,.599,F-G,antetgi01
168,Hakeem Olajuwon,14.3,1993-94,31,HOU,80,80,1,3277,894,1694,886,1675,8,19,388,542,229,726,955,287,128,297,271,289,2184,.528,.529,.421,.716,.565,.530,C,olajuha01
169,LeBron James,14.3,2004-05,20,CLE,80,80,1,3388,795,1684,687,1376,108,308,477,636,111,477,588,577,177,52,262,146,2175,.472,.499,.351,.750,.554,.504,F-G,jamesle01
170,Rudy Gobert,14.3,2016-17,24,UTA,81,81,0,2744,413,625,413,624,0,1,311,476,314,721,1035,97,49,214,147,246,1137,.661,.662,.000,.653,.681,.661,C,goberru01
171,Kevin Love,14.3,2013-14,25,MIN,77,77,1,2797,650,1421,460,916,190,505,520,633,224,739,963,341,59,35,196,136,2010,.457,.502,.376,.821,.591,.524,F-C,loveke01
172,Bob Pettit,14.3,1962-63,30,STL,79,,1,3090,778,1746,778,1746,,,685,885,,,1191,245,,,,282,2241,.446,.446,,.774,.525,.446,F-C,pettibo01
173,Kareem Abdul-Jabbar,14.3,1980-81,33,LAL,80,,1,2976,836,1457,836,1456,0,1,423,552,197,624,821,272,59,228,249,244,2095,.574,.574,.000,.766,.616,.574,C,abdulka01
174,Tiny Archibald,14.2,1972-73,24,KCO,80,,1,3681,1028,2106,1028,2106,,,663,783,,,223,910,,,,207,2719,.488,.488,,.847,.555,.488,G,architi01
175,Horace Grant,14.1,1991-92,26,CHI,81,81,0,2859,457,790,457,788,0,2,235,317,344,463,807,217,100,131,98,196,1149,.578,.580,.000,.741,.618,.578,F-C,grantho01
176,Moses Malone,14.1,1978-79,23,HOU,82,82,1,3390,716,1325,716,1325,,,599,811,587,857,1444,147,79,119,326,223,2031,.540,.540,,.739,.604,.540,C-F,malonmo01
177,John Stockton,14.1,1987-88,25,UTA,82,79,0,2842,454,791,430,724,24,67,272,324,54,183,237,1128,242,16,262,247,1204,.574,.594,.358,.840,.645,.589,G,stockjo01
178,Russell Westbrook,14.0,2015-16,27,OKC,80,80,1,2750,656,1444,555,1103,101,341,465,573,145,481,626,834,163,20,342,200,1878,.454,.503,.296,.812,.554,.489,G,westbru01
179,John Stockton,14.0,1990-91,28,UTA,82,82,1,3103,496,978,438,810,58,168,363,434,46,191,237,1164,234,16,298,233,1413,.507,.541,.345,.836,.604,.537,G,stockjo01
180,Jerry West,14.0,1963-64,25,LAL,72,,1,2906,740,1529,740,1529,,,584,702,,,433,403,,,,200,2064,.484,.484,,.832,.562,.484,G,westje01
181,Shaquille O'Neal,14.0,1994-95,22,ORL,79,79,1,2923,930,1594,930,1589,0,5,455,854,328,573,901,214,73,192,204,258,2315,.583,.585,.000,.533,.588,.583,C,onealsh01
182,Anthony Davis,14.0,2014-15,21,NOP,68,68,1,2455,642,1199,641,1187,1,12,371,461,173,523,696,149,100,200,95,141,1656,.535,.540,.083,.805,.591,.536,F-C,davisan02
183,Bailey Howell,14.0,1962-63,26,DET,79,,1,2971,637,1235,637,1235,,,519,650,,,910,232,,,,300,1793,.516,.516,,.798,.589,.516,F,howelba01
184,Karl-Anthony Towns,14.0,2017-18,22,MIN,82,82,1,2918,639,1172,519,887,120,285,345,402,238,774,1012,199,64,115,159,285,1743,.545,.585,.421,.858,.646,.596,C-F,townska01
185,Michael Jordan,14.0,1984-85,21,CHI,82,82,1,3144,837,1625,828,1573,9,52,630,746,167,367,534,481,196,69,291,285,2313,.515,.526,.173,.845,.592,.518,G-F,jordami01
186,LeBron James,14.0,2017-18,33,CLE,82,82,1,3026,857,1580,708,1174,149,406,388,531,97,612,709,747,116,71,347,136,2251,.542,.603,.367,.731,.621,.590,F-G,jamesle01
187,Larry Bird,14.0,1982-83,26,BOS,79,79,1,2982,747,1481,725,1404,22,77,351,418,193,677,870,458,148,71,240,197,1867,.504,.516,.286,.840,.561,.512,F,birdla01
188,Chris Paul,13.9,2012-13,27,LAC,70,70,1,2335,412,856,336,624,76,232,286,323,53,209,262,678,169,10,159,143,1186,.481,.538,.328,.885,.594,.526,G,paulch01
189,Pau Gasol,13.9,2008-09,28,LAL,81,81,1,2999,592,1045,591,1043,1,2,343,439,262,518,780,284,52,81,157,172,1528,.567,.567,.500,.781,.617,.567,C-F,gasolpa01
190,Gary Payton,13.9,1999-00,31,SEA,82,82,1,3425,747,1666,570,1146,177,520,311,423,100,429,529,732,153,18,224,178,1982,.448,.497,.340,.735,.535,.502,G,paytoga01
191,John Stockton,13.9,1994-95,32,UTA,82,82,1,2867,429,791,327,564,102,227,246,306,57,194,251,1011,194,22,267,215,1206,.542,.580,.449,.804,.651,.607,G,stockjo01
192,Neil Johnston,13.9,1955-56,26,PHW,70,,1,2594,499,1092,499,1092,,,549,685,,,872,225,,,,251,1547,.457,.457,,.801,.555,.457,C,johnsne01
193,Chris Paul,13.9,2010-11,25,NOH,80,80,1,2880,430,928,359,745,71,183,337,384,38,289,327,782,188,5,177,196,1268,.463,.482,.388,.878,.578,.502,G,paulch01
194,David Robinson,13.9,1991-92,26,SAS,68,68,1,2564,592,1074,591,1066,1,8,393,561,261,568,829,181,158,305,182,219,1578,.551,.554,.125,.701,.597,.552,C,robinda01
195,Bill Russell,13.8,1959-60,25,BOS,74,,1,3146,555,1189,555,1189,,,240,392,,,1778,277,,,,210,1350,.467,.467,,.612,.496,.467,C,russebi01
196,Julius Erving,13.8,1980-81,30,PHI,82,82,1,2874,794,1524,790,1506,4,18,422,536,244,413,657,364,173,147,266,233,2014,.521,.525,.222,.787,.572,.522,F-G,ervinju01
197,Karl Malone,13.8,1994-95,31,UTA,82,82,1,3126,830,1548,819,1507,11,41,516,695,156,715,871,285,129,85,236,269,2187,.536,.543,.268,.742,.590,.540,F,malonka01
198,Kobe Bryant,13.8,2007-08,29,LAL,82,82,1,3192,775,1690,625,1275,150,415,623,742,94,423,517,441,151,40,257,227,2323,.459,.490,.361,.840,.576,.503,G-F,bryanko01
199,Jimmy Butler,13.8,2016-17,27,CHI,76,75,1,2809,570,1252,479,1004,91,248,585,676,129,341,470,417,143,32,159,112,1816,.455,.477,.367,.865,.586,.492,F-G,butleji01
200,Ed Macauley,13.8,1951-52,23,BOS,66,,1,2631,384,888,384,888,,,496,621,,,529,232,,,,174,1264,.432,.432,,.799,.544,.432,C-F,macaued01